3.673099670064130517e-01
2.464599973096537333e-01
4.206664076968740229e-01
5.996439130536930229e-01
-4.862228227089572530e-02
-8.627519811243621328e-01
2.292810650662554239e-01
-3.976053323076354507e-01
7.443281723539119099e-01
1.260289994666122793e-01
-1.828857714304073234e-01
8.731812486503889303e-01
-1.418877955207255570e-01
-4.910215166181809004e-02
-7.340124299115093898e-01
2.713414474928805276e-01
3.034919137298880409e-01
-1.506002990621351512e-01
3.899947395367327485e-01
1.350029374164394592e-02
-2.713813194752691671e-01
3.177585315707250890e-01
2.570617311976949315e-01
-9.348181845326498929e-02
-1.272311562756032743e-01
1.320464578711538772e-01
5.314800102574718244e-01
-1.272205050172386942e-01
-3.185822595279290681e-01
-6.233644285328457935e-01
-4.511343214521442713e-01
-8.150736802582190244e-01
7.276462233794250833e-01
-1.801594228399283903e-01
4.744484691773801499e-01
3.124425671642723779e-01
1.144623083928291846e-01
8.424181245962751863e-01
4.181735566686853867e-01
-3.058892417963535726e-01
8.795368710678119761e-01
8.587778505427445808e-01
-2.100558103478282479e-01
-2.727646034768437810e-01
8.114931058950024256e-02
3.525154872368909675e-01
-2.228107652544829287e-01
-5.251645954001066263e-01
-2.274370939554451743e-01
5.188928870401736670e-01
-4.184241510676892650e-01
-3.676646951780918604e-01
-8.658579827283710562e-02
5.845460960149372748e-02
8.696080312959283409e-01
7.518701432576444521e-01
4.198854381492353460e-01
2.853919217913412076e-01
-6.442781640617810668e-01
2.673010025233764075e-01
-2.854595168699391450e-01
-1.465631530800075299e-01
-3.640643878200570671e-01
-6.190502465869834881e-01
4.531065620069548161e-01
1.801385394194273959e-01
-3.787093999726995341e-01
-3.114176497724492620e-02
3.320252874224776107e-01
1.463310566151962977e-01
-5.869531872507868231e-01
6.032735149724059998e-01
-6.253740857344414206e-02
-1.572491392134176824e-01
-5.013289314648786688e-01
3.406978847582072256e-01
1.696088632788201045e-01
-1.108401277878462432e-01
-1.165507535276983780e-01
0.000000000000000000e+00
6.662830544451012749e-01
2.739445910487591229e-01
5.486946012485828250e-01
-5.854683531222003579e-01
-1.997003020877278212e-01
1.096203249830604576e-01
-6.839670662478083418e-01
-2.915121534931610636e-01
6.099429468806978338e-01
-4.337698600282690053e-01
-2.257111204968610674e-01
2.430377391628331940e-01
-7.873928364073460306e-01
-2.345714451202426942e-01
-9.679632867210590241e-01
-8.933991069404808583e-01
-4.224570267230394194e-01
-5.503725105450159999e-02
-4.483225130614820059e-02
-1.943519529338414709e-01
-7.726903421688935403e-01
3.772695293496072799e-01
7.991929696395777549e-02
1.928359952771378227e-01
-5.141355142640596787e-01
3.112300919361425944e-01
1.014183090902762568e-01
-6.047354335740041248e-02
4.862228227089582938e-02
1.959156032477926412e-01
0.000000000000000000e+00
4.380940633198305428e-02
3.047481929219734154e-01
2.880104326906527956e-01
0.000000000000000000e+00
4.012850642808453439e-02
-2.576511666798160793e-01
-4.208549869317727565e-01
7.103201267381512585e-01
-3.928913417680306441e-01
-2.186435940218796337e-01
-4.449399599623380386e-01
7.475242468669127116e-02
-4.862228227089575305e-02
-4.273588168767350481e-01
7.638129570806748703e-01
3.745601391596772300e-01
8.625051483025736321e-02
-5.650501896273829594e-01
-3.223194268555650277e-01
-5.585578649877719348e-01
-4.437331127715558182e-02
6.918354970987449226e-01
-1.938706194777392589e-01
-1.705316016011550750e-01
-1.282037508437671447e-01
1.420918203934443402e-01
2.559947761808967215e-01
2.351349854125640848e-01
0.000000000000000000e+00
-2.671405772579851789e-01
0.000000000000000000e+00
4.152556273274985062e-03
-4.616973968377423299e-02
-3.185118659821509213e-02
4.014133974826720741e-01
-8.953010242602091329e-02
5.368157285306270898e-01
5.882348952019174071e-01
-3.863880994652624246e-02
-4.487592426524180667e-01
0.000000000000000000e+00
-6.561341369998385797e-01
-3.820573044539906649e-01
9.626335044307333666e-01
5.337269153333921157e-01
4.379130616957000455e-01
-4.978462957493283159e-01
0.000000000000000000e+00
-4.107844437437440099e-01
6.191665815815471374e-01
-7.913546293047573066e-01
8.151843092339317032e-01
-6.269707856667471324e-01
-6.434857909287676758e-01
-4.013693101024348175e-01
-6.198298165310680563e-01
-5.127783541624534314e-01
6.487627528201012073e-01
-9.174403568340155912e-01
6.549018602798937216e-01
-5.051008706148994998e-01
-1.321716684749577042e-01
6.522595901717067601e-01
7.176539349102671883e-01
7.055377401033186002e-01
4.753250124562119483e-01
2.340107706060617909e-01
-4.452310057002568100e-01
-5.035778437663094298e-01
-1.219597134973865599e-01
-8.359806760220037658e-01
3.371778598239633107e-01
-8.183492624441736363e-02
3.553008392391602266e-01
-2.482693113077967528e-01
3.835165100288331907e-01
6.882890902555692525e-02
-6.711827510104868555e-01
6.974320771536984820e-01
-2.229295439981476556e-01
-1.091935308526517830e-02
3.711701809858281575e-01
-3.865570464719357835e-01
1.120829433644377066e-01
6.484482511853617570e-02
-3.230876660570692893e-01
-4.932092516472739163e-01
2.318902730844410176e-01
-3.826650956095514755e-01
-3.922855475202249170e-02
-2.780702997570481672e-01
-4.239085938330520997e-02
-2.261141464775784093e-01
-2.020596379229577522e-01
1.171576130730197784e-01
-4.773407804202574045e-01
-4.918858644669503732e-01
-2.613967474047876327e-02
-2.667485759568634651e-01
4.805113061058419732e-01
6.491752392391941795e-01
3.810757229447468974e-01
1.424508722726767207e-01
5.958282258758872407e-01
3.382779224455573219e-01
-2.517306710506634349e-01
-4.785682991650217488e-01
-7.768202315851654993e-02
6.413836473264691307e-01
5.437996840650668462e-01
4.083996689951701481e-02
-6.141633079814997620e-01
3.252153030174547710e-01
3.521071032714717663e-01
-1.727284284650234258e-01
-4.554137082090692346e-01
-1.475949329495598594e-01
-1.541250065004163838e-01
-3.951054696451328785e-01
1.345475948945367983e-01
7.441216474682147419e-01
0.000000000000000000e+00
7.823809952743228102e-01
0.000000000000000000e+00
-2.927228122784142905e-01
0.000000000000000000e+00
4.049185611238652338e-02
-5.303905196747662476e-01
0.000000000000000000e+00
0.000000000000000000e+00
-1.190935485159142632e-01
7.291636491643820328e-01
2.535323491757086600e-01
9.969126677000136327e-01
0.000000000000000000e+00
0.000000000000000000e+00
0.000000000000000000e+00
0.000000000000000000e+00
-6.382232039712243399e-01
7.353525423962395946e-01
4.185871695563780914e-01
9.680633292229773312e-02
-5.390625089210655529e-01
-3.605214740360199177e-01
-8.698793776694531410e-02
5.254709152592223348e-02
1.697101002221500510e-01
-3.509079930918014290e-01
-2.483941062816011902e-01
5.742689469719727269e-01
-3.851658329027520256e-01
-1.149857206030291817e-01
-2.747492996626930695e-01
4.428409026727194164e-01
-5.555262381563349505e-01
4.007252816873136947e-01
7.746767329129757851e-01
7.280654286331608160e-01
-7.271662716306737106e-01
5.924235005725495551e-01
-1.798379322864826768e-01
6.823941273399758423e-02
-4.797210041630699945e-02
-7.689500712042018904e-01
-5.741445164650298416e-01
-6.509725637183279012e-01
9.677359602223485346e-01
2.411387750091506521e-01
9.139349124163320681e-02
2.318602389904191319e-01
-8.610703133069992354e-01
3.357739767262778452e-01
-3.002328233996569007e-01
-3.498236708672135542e-01
-8.591981125715479894e-01
4.128830352310352558e-01
-6.410964840102245654e-01
-3.945451230476833548e-01
7.138632367305303150e-01
-3.317135504372125676e-01
6.973571646277788583e-01
4.816815253774854311e-01
-2.738834351238332299e-01
9.219764139326429575e-01
0.000000000000000000e+00
-2.465894942855879068e-01
1.259980713094124849e-01
7.116059405654792114e-01
1.243124096555097285e-01
1.527560818726153291e-01
0.000000000000000000e+00
6.066735684993731503e-01
0.000000000000000000e+00
-9.057077042822650470e-02
-2.957982968635564092e-01
-9.252273385266997219e-02
9.925296284251611256e-02
1.268088661015243090e-01
-6.726993835447354630e-01
3.402380862069974143e-01
-7.420123351634243247e-02
-5.579183765984471188e-01
4.692812878664832099e-01
-7.551963280152634850e-01
0.000000000000000000e+00
0.000000000000000000e+00
0.000000000000000000e+00
-1.839827029768074940e-01
3.287355599474717227e-02
4.063506982911564980e-01
5.535806841544421708e-01
0.000000000000000000e+00
-4.539222167575973632e-01
-1.769710107524087800e-03
-4.174246977094747124e-01
0.000000000000000000e+00
-4.741888909756211135e-01
2.640305349014876457e-01
-3.549541128728978534e-01
-1.809697991145439167e-01
2.902694586664781862e-01
-4.722926558915147566e-01
-7.244483106851609122e-01
-4.016603285276310609e-01
-2.755532841976300884e-01
-6.589474477354839710e-01
1.984946239695534742e-01
4.391548681899988260e-01
3.917011102543253021e-01
0.000000000000000000e+00
7.245333064907337750e-01
0.000000000000000000e+00
-2.334735456871939729e-01
-7.117179879517154806e-02
-2.932788281391315310e-01
3.088161107887993969e-03
0.000000000000000000e+00
2.416443093268079711e-01
1.564721690540858412e-01
1.357137398328874256e-01
9.926304364056018348e-02
9.718580217318193437e-01
2.366723169922816672e-01
0.000000000000000000e+00
5.437712574108828356e-01
6.057817143556997186e-01
1.316842742384735643e-01
-4.310628882342873447e-01
6.241356958713500935e-01
4.181796460940779281e-01
7.562500055048008152e-01
5.386151315470768530e-01
1.418578371569863619e-02
-2.261290786882587944e-01
-3.036978314043698238e-02
0.000000000000000000e+00
4.100385269049774406e-01
0.000000000000000000e+00
-6.842200720874623554e-02
-7.243826989286622497e-01
-1.660156194413995312e-01
5.224094287085411237e-01
0.000000000000000000e+00
1.239510673400871094e-01
-9.983177379963171783e-01
0.000000000000000000e+00
0.000000000000000000e+00
-1.098990234187706694e-01
3.208166295054492023e-01
-1.190585067257714375e-01
1.316593922861732935e-01
4.415087839908183875e-01
-8.733221482098975086e-01
-1.017428028111833360e-01
9.056657986775060176e-02
-1.620319098899915544e-01
9.205668021255997147e-02
-3.134437830647911483e-01
6.141432436949925133e-01
8.887061220685146812e-02
3.391703554619446281e-01
6.593405870078031805e-01
7.296762524407686135e-01
2.847322886217859006e-01
-2.542981582449941880e-01
-4.716641451075632152e-01
-2.916590305304969655e-01
3.297206945752988450e-01
2.074983515749991014e-01
6.738823515917354012e-02
4.973955769221317103e-01
-2.511998456944932179e-01
4.886881915967080103e-01
-7.051890952016505176e-01
4.444523749449378336e-01
-7.225770915777796066e-02
2.715271828106318175e-01
-1.535466168915901042e-01
-4.529275141643065994e-01
-3.127301484529727005e-01
-1.731668082400727171e-01
4.903555858084732710e-01
4.635694629252546384e-01
-1.293797265223870230e-01
-3.945543795689471778e-01
-4.135489399450749115e-01
2.749780637922124016e-01
-5.703414708893975726e-01
-5.330691209217539583e-01
-6.260514196098341255e-01
3.706776699185051482e-01
-1.363709612522036319e-01
5.522930442538546147e-01
-5.836006476674436838e-01
4.172840874225952068e-01
-2.382902622479519117e-01
-1.305717928387731264e-02
1.474065003448609135e-01
5.842531204993910432e-01
-2.652727949158251719e-01
-4.359995772206949893e-01
-1.816971400463573139e-01
-7.020748090783930639e-02
3.225721337807917199e-02
5.662885840795843784e-01
4.392820492003340349e-01
6.568084796735847997e-01
-3.090702442840920772e-01
3.685088186414161027e-01
-3.496062305383597080e-01
1.713932208315096239e-01
-4.345507988102423891e-01
0.000000000000000000e+00
-2.689917123313860792e-01
-6.709357410085929896e-01
6.960451405445756690e-01
-6.877454864308329974e-02
2.832643064783504569e-02
0.000000000000000000e+00
-1.492880085300875570e-01
-3.863076777084186730e-01
1.587197014603687270e-02
2.504717360576170782e-01
2.380153652604182490e-01
-2.497086541392675996e-01
4.239270040264380701e-01
9.007684172725083371e-01
3.100478767850478046e-01
0.000000000000000000e+00
1.969047678205323448e-01
2.167390260522328027e-01
3.324803777866274790e-01
-4.470983612809036334e-01
9.386038005494655445e-02
-3.393173668711352842e-01
-5.473860853757352984e-01
6.942283033796972092e-01
5.488223257923773302e-01
-2.447069295058889871e-01
4.475329737322670254e-01
-2.589776388560101061e-01
-3.785171784913894388e-01
-5.620354502808607711e-01
-7.894412794932015309e-01
-3.678193216182474301e-01
1.357808986241617055e-01
-2.676357498041259664e-02
5.186244097631442090e-02
4.882299449338023921e-03
4.752778582613760294e-01
6.687989418128029717e-01
8.198868010505792892e-02
-5.236114506752935771e-01
5.310028543935517709e-01
5.779706659822533288e-01
-6.450953223274714654e-01
-7.193282642149300132e-01
-3.299608171639059062e-01
3.423654028644860792e-01
2.676784707140625330e-01
3.085346429967001924e-01
2.766914023704162284e-01
6.121626655510382653e-01
-5.531538235245723190e-01
-1.968271199399077021e-02
-4.584759309816554551e-01
2.400882714306283860e-01
6.154302608054718071e-01
-4.065379763590090678e-02
2.957116005980432449e-01
5.150842823951670146e-01
2.881894144714564621e-01
-7.096253509836877860e-02
-4.374600103511292609e-02
-2.889963018992224297e-01
-1.197474615629786493e-01
2.109292238667224983e-01
3.366586912648859564e-01
-2.992315238657660137e-01
3.403762234855177704e-01
-1.187620085604342013e-01
6.194525127292879185e-01
-5.991963862035030175e-01
-5.641580124122047568e-01
-6.821808236708651885e-01
-1.227992062636400622e-01
-1.476731083524785437e-01
-1.264362623090800053e-01
-3.344953751656189467e-01
1.504951975551699628e-01
-1.267842912362663471e-02
-6.145527346487552611e-01
7.045702621002171151e-01
-1.657328174984371294e-01
-6.635865377463255610e-02
-2.544423925794953578e-01
3.205988821347710571e-01
-6.116857807741317155e-01
4.218572305769229813e-01
8.456556954901299772e-01
1.397081829969132050e-01
1.134055341087122221e-01
1.278091500906290978e-01
2.534067527374732620e-01
-6.458461716476980863e-01
2.702420641867596673e-01
2.457742958786150456e-01
3.003289203257841766e-01
2.998483706371507518e-01
-5.795710527755945085e-01
-4.209641339341300276e-02
1.089624766856204796e-01
3.429099343428110291e-01
-2.344888987218644305e-01
-2.441311039043797537e-01
1.851613948536643961e-01
-3.364855848753468548e-01
-1.971786840951936237e-01
1.243647357767102141e-01
-2.830497531878334305e-02
6.552500898021554887e-01
-1.017368491286920786e-02
2.773770676741074137e-01
7.789033008437389327e-01
1.943478559031214803e-01
1.093665067318044665e-01
-4.221865146831956239e-01
2.550013638781145064e-01
9.484614899716739544e-02
4.600813443671593062e-01
-9.400918561813172451e-04
-5.813613810028127604e-01
9.447255361779777205e-02
-1.359617497021921584e-01
6.808521733323459335e-01
-3.705529761894262863e-01
-3.041847439721114266e-01
5.148745825436057411e-01
4.137002990297627969e-01
8.583758413276095789e-01
5.653541132416163295e-01
-4.107359644687350597e-01
-5.852862963113781847e-01
-4.142141491518177565e-01
-3.398277314570688490e-01
-2.236879229087987142e-01
1.468013668880204133e-02
3.884090529654061208e-01
-2.246859876241827647e-01
3.058873579338192150e-01
2.590719461345511454e-01
5.260349500760842095e-02
1.719419913509283304e-02
-3.656004213942719572e-01
3.371013839549654167e-01
6.427046688256541351e-01
-4.832882846035806979e-01
-5.783726860666803526e-01
-3.491618310439228989e-01
6.757453760865064774e-02
-2.235235966193734325e-01
2.768990559118076344e-01
-7.546908780358427826e-01
-2.667220657832387598e-01
4.584412859635692561e-01
2.594748072965142316e-01
-6.417261657071011705e-01
1.429147292201733976e-01
-4.068874066800988731e-01
3.913818142368061942e-02
-4.438169438738523431e-01
3.529984716084924590e-02
-4.406176168773903168e-01
1.158056852760022404e-01
-2.839157822833089651e-02
-1.471115320269883453e-01
3.692475219380501605e-01
3.685264329530675287e-01
-2.823565868313372695e-02
5.998174076132077870e-01
2.190647302152051445e-01
-1.166744841495650498e-01
-6.444272535961326209e-01
2.044945119219361840e-01
5.342413318596466593e-02
2.505184352953839788e-01
-3.091304581749650948e-01
-4.168003030984356871e-01
-6.658173196354543188e-01
7.345583867805196565e-01
4.328459241018726700e-01
2.087180296039473359e-01
3.388602933766973191e-01
3.623590261186870887e-01
-4.088106193616266038e-01
6.506974238982042857e-01
2.269936260782619009e-01
7.166738265640619776e-01
2.760120749233318516e-01
