0.000000000000000000e+00
0.000000000000000000e+00
0.000000000000000000e+00
0.000000000000000000e+00
0.000000000000000000e+00
-2.521757444128950088e+00
0.000000000000000000e+00
0.000000000000000000e+00
0.000000000000000000e+00
0.000000000000000000e+00
-9.037397798401738402e-01
0.000000000000000000e+00
4.293901243900468123e-01
0.000000000000000000e+00
0.000000000000000000e+00
6.619372086593883209e-01
-4.018130920936048844e-01
2.964616903498774048e-01
1.045193585373311862e+00
0.000000000000000000e+00
5.125069718939887498e-01
1.470346592344330405e+00
0.000000000000000000e+00
-1.352426866495117230e-01
-4.188025111013851109e-01
0.000000000000000000e+00
1.591815371266506407e+00
1.142996909934885230e-01
0.000000000000000000e+00
0.000000000000000000e+00
0.000000000000000000e+00
0.000000000000000000e+00
0.000000000000000000e+00
0.000000000000000000e+00
1.981115895091645762e-01
0.000000000000000000e+00
1.305719873203836867e+00
0.000000000000000000e+00
-9.540282700506824698e-01
0.000000000000000000e+00
0.000000000000000000e+00
0.000000000000000000e+00
4.918936832577536222e-01
-9.182807314977863289e-01
0.000000000000000000e+00
-1.484837724801752468e-01
0.000000000000000000e+00
7.711125409178593015e-02
0.000000000000000000e+00
0.000000000000000000e+00
0.000000000000000000e+00
-1.571586412967494795e+00
-8.491672394709169902e-01
0.000000000000000000e+00
0.000000000000000000e+00
0.000000000000000000e+00
0.000000000000000000e+00
0.000000000000000000e+00
0.000000000000000000e+00
0.000000000000000000e+00
3.715292571890554951e-01
-4.392765965194501687e-01
-2.645162759477565295e+00
0.000000000000000000e+00
0.000000000000000000e+00
2.383570031016534752e-01
4.027909701383265983e-01
0.000000000000000000e+00
-1.513438084375466341e-01
4.228349197227444511e-01
0.000000000000000000e+00
3.534421109327610111e-01
9.155724544101755402e-01
-9.347195134850816434e-02
3.968862479422892720e-01
-8.868944376969030152e-01
-7.526127623950337187e-01
0.000000000000000000e+00
-1.415808794301935292e+00
0.000000000000000000e+00
1.808078438632128915e+00
0.000000000000000000e+00
0.000000000000000000e+00
0.000000000000000000e+00
0.000000000000000000e+00
-3.101190121400884681e-01
0.000000000000000000e+00
0.000000000000000000e+00
0.000000000000000000e+00
0.000000000000000000e+00
0.000000000000000000e+00
8.502333134550461580e-01
0.000000000000000000e+00
0.000000000000000000e+00
0.000000000000000000e+00
0.000000000000000000e+00
0.000000000000000000e+00
4.837921178641926279e-01
-1.786809799099432716e+00
0.000000000000000000e+00
0.000000000000000000e+00
0.000000000000000000e+00
0.000000000000000000e+00
-4.878652472675780727e-01
0.000000000000000000e+00
0.000000000000000000e+00
0.000000000000000000e+00
0.000000000000000000e+00
0.000000000000000000e+00
0.000000000000000000e+00
0.000000000000000000e+00
-5.576559154631181014e-01
0.000000000000000000e+00
0.000000000000000000e+00
0.000000000000000000e+00
0.000000000000000000e+00
0.000000000000000000e+00
0.000000000000000000e+00
0.000000000000000000e+00
0.000000000000000000e+00
0.000000000000000000e+00
0.000000000000000000e+00
0.000000000000000000e+00
0.000000000000000000e+00
0.000000000000000000e+00
0.000000000000000000e+00
1.775586430667051463e+00
-1.132760889624871536e+00
0.000000000000000000e+00
0.000000000000000000e+00
0.000000000000000000e+00
0.000000000000000000e+00
-5.883545175177771203e-01
0.000000000000000000e+00
0.000000000000000000e+00
0.000000000000000000e+00
1.424997279696920582e+00
0.000000000000000000e+00
-5.187351108264037780e-01
0.000000000000000000e+00
0.000000000000000000e+00
0.000000000000000000e+00
7.998243197905954283e-01
8.020850857556832691e-02
0.000000000000000000e+00
0.000000000000000000e+00
0.000000000000000000e+00
0.000000000000000000e+00
-1.135974894331753582e+00
0.000000000000000000e+00
0.000000000000000000e+00
0.000000000000000000e+00
0.000000000000000000e+00
-2.667806331059005664e+00
0.000000000000000000e+00
3.455150965178738431e+00
0.000000000000000000e+00
0.000000000000000000e+00
0.000000000000000000e+00
-1.935165304822309640e+00
2.961965140010119235e+00
0.000000000000000000e+00
0.000000000000000000e+00
0.000000000000000000e+00
-8.395573872721346920e-01
-1.672267708619598059e-01
0.000000000000000000e+00
0.000000000000000000e+00
0.000000000000000000e+00
0.000000000000000000e+00
0.000000000000000000e+00
0.000000000000000000e+00
0.000000000000000000e+00
0.000000000000000000e+00
0.000000000000000000e+00
0.000000000000000000e+00
0.000000000000000000e+00
-3.889323894995448394e-01
-8.765943609840390338e-02
0.000000000000000000e+00
0.000000000000000000e+00
0.000000000000000000e+00
0.000000000000000000e+00
-2.612726356365557279e-01
0.000000000000000000e+00
0.000000000000000000e+00
0.000000000000000000e+00
0.000000000000000000e+00
0.000000000000000000e+00
0.000000000000000000e+00
-1.749920994440291033e-01
5.664532962950779016e-01
5.694551456394273403e-01
-1.034202109007648751e+00
8.157905403908445319e-01
2.962870260297584823e-01
-5.112558414249304128e-01
3.768212706821567060e-01
2.126340997427751400e+00
-5.710730757948239145e-01
6.756629290306960522e-02
4.412513579759614890e-01
-1.062072727347110668e+00
0.000000000000000000e+00
-1.226054080984054773e-01
2.363913600271796867e+00
-3.611449284965460027e-01
-1.123886218180543128e+00
1.824031624676852203e+00
1.109711765558040186e+00
0.000000000000000000e+00
0.000000000000000000e+00
0.000000000000000000e+00
0.000000000000000000e+00
0.000000000000000000e+00
-4.600317501530994391e-01
-1.467684107265826432e-02
-7.543065280357912350e-01
0.000000000000000000e+00
0.000000000000000000e+00
1.033064473647223203e+00
0.000000000000000000e+00
-3.018540177477599395e-01
0.000000000000000000e+00
0.000000000000000000e+00
0.000000000000000000e+00
0.000000000000000000e+00
-5.410458279432395212e-02
0.000000000000000000e+00
2.597091941403753546e-01
1.653561817457420924e+00
0.000000000000000000e+00
0.000000000000000000e+00
0.000000000000000000e+00
0.000000000000000000e+00
0.000000000000000000e+00
0.000000000000000000e+00
-2.294692957905291486e+00
-3.024475144988972186e+00
0.000000000000000000e+00
0.000000000000000000e+00
0.000000000000000000e+00
0.000000000000000000e+00
6.967834295601352812e-01
0.000000000000000000e+00
0.000000000000000000e+00
0.000000000000000000e+00
0.000000000000000000e+00
0.000000000000000000e+00
0.000000000000000000e+00
0.000000000000000000e+00
1.422829634619833250e+00
0.000000000000000000e+00
-1.479673053983449060e-02
0.000000000000000000e+00
7.850475230953740668e-01
0.000000000000000000e+00
0.000000000000000000e+00
-9.667946795047206443e-01
-8.172880965094964090e-02
1.207664923722577388e+00
0.000000000000000000e+00
-4.444782504588211669e-01
0.000000000000000000e+00
0.000000000000000000e+00
4.023732550127732122e-01
-1.029671637913237792e+00
1.639017901725300597e+00
0.000000000000000000e+00
-1.209039234980873845e+00
0.000000000000000000e+00
-7.808595193369036735e-01
-2.961747374912177544e-01
-6.491716165096340641e-01
-1.663537624385535985e-01
0.000000000000000000e+00
0.000000000000000000e+00
0.000000000000000000e+00
1.463133291190281127e-01
0.000000000000000000e+00
0.000000000000000000e+00
0.000000000000000000e+00
1.025317688574846064e+00
-1.581045869545058213e+00
0.000000000000000000e+00
0.000000000000000000e+00
0.000000000000000000e+00
0.000000000000000000e+00
-7.160725131976866109e-01
0.000000000000000000e+00
0.000000000000000000e+00
0.000000000000000000e+00
0.000000000000000000e+00
0.000000000000000000e+00
0.000000000000000000e+00
0.000000000000000000e+00
4.953066488691104108e-01
0.000000000000000000e+00
0.000000000000000000e+00
0.000000000000000000e+00
0.000000000000000000e+00
0.000000000000000000e+00
0.000000000000000000e+00
0.000000000000000000e+00
0.000000000000000000e+00
0.000000000000000000e+00
-1.111860600372034380e+00
0.000000000000000000e+00
0.000000000000000000e+00
0.000000000000000000e+00
0.000000000000000000e+00
0.000000000000000000e+00
-1.043836602196269503e+00
0.000000000000000000e+00
0.000000000000000000e+00
0.000000000000000000e+00
0.000000000000000000e+00
0.000000000000000000e+00
0.000000000000000000e+00
0.000000000000000000e+00
-4.658594739852527367e-01
0.000000000000000000e+00
0.000000000000000000e+00
-1.968275463463823538e+00
0.000000000000000000e+00
-1.277124431159691209e+00
0.000000000000000000e+00
0.000000000000000000e+00
0.000000000000000000e+00
0.000000000000000000e+00
0.000000000000000000e+00
1.067310538488581845e-01
-3.644591166799525661e-01
0.000000000000000000e+00
0.000000000000000000e+00
0.000000000000000000e+00
0.000000000000000000e+00
-3.925232199203347871e-01
0.000000000000000000e+00
0.000000000000000000e+00
0.000000000000000000e+00
0.000000000000000000e+00
0.000000000000000000e+00
0.000000000000000000e+00
0.000000000000000000e+00
-9.422238989417634769e-02
0.000000000000000000e+00
0.000000000000000000e+00
0.000000000000000000e+00
0.000000000000000000e+00
0.000000000000000000e+00
9.604296286108595648e-01
0.000000000000000000e+00
-2.715629505220344408e-01
0.000000000000000000e+00
0.000000000000000000e+00
0.000000000000000000e+00
4.230810307194953213e-01
-1.707575237856640227e+00
0.000000000000000000e+00
0.000000000000000000e+00
0.000000000000000000e+00
0.000000000000000000e+00
-1.084670447274989513e+00
0.000000000000000000e+00
0.000000000000000000e+00
0.000000000000000000e+00
0.000000000000000000e+00
0.000000000000000000e+00
0.000000000000000000e+00
0.000000000000000000e+00
-7.484095953558628223e-01
0.000000000000000000e+00
0.000000000000000000e+00
8.594427176562774440e-01
0.000000000000000000e+00
0.000000000000000000e+00
0.000000000000000000e+00
3.725380701737718070e+00
0.000000000000000000e+00
-1.351729060696540419e-01
0.000000000000000000e+00
0.000000000000000000e+00
-1.054388167797358999e+00
-9.641329049388789318e-01
4.888593544879871744e-01
0.000000000000000000e+00
5.516105717966373057e-01
-1.116313077819579780e+00
0.000000000000000000e+00
-2.083259802900186308e+00
-1.042454429438594676e+00
1.555964722009253620e+00
0.000000000000000000e+00
7.017786236382158593e-01
-8.922921343764873559e-01
-1.980532762863947971e+00
0.000000000000000000e+00
-5.854305359861771141e-01
0.000000000000000000e+00
0.000000000000000000e+00
-7.980426919103064121e-01
0.000000000000000000e+00
0.000000000000000000e+00
0.000000000000000000e+00
1.531045939205621043e+00
-4.857792307998393122e-01
0.000000000000000000e+00
-1.731637987159418968e+00
0.000000000000000000e+00
0.000000000000000000e+00
-6.896823358208424848e-01
1.625958274363714873e+00
0.000000000000000000e+00
0.000000000000000000e+00
0.000000000000000000e+00
1.024402718218108799e+00
0.000000000000000000e+00
-5.832394762509146569e-01
0.000000000000000000e+00
0.000000000000000000e+00
0.000000000000000000e+00
0.000000000000000000e+00
-2.409208259300340549e-01
0.000000000000000000e+00
1.818983032249860410e-01
1.679417144656951688e+00
0.000000000000000000e+00
0.000000000000000000e+00
1.432910838623480398e-01
0.000000000000000000e+00
0.000000000000000000e+00
0.000000000000000000e+00
0.000000000000000000e+00
-5.107573177505702056e-01
0.000000000000000000e+00
0.000000000000000000e+00
0.000000000000000000e+00
0.000000000000000000e+00
0.000000000000000000e+00
0.000000000000000000e+00
1.711757668339619398e+00
6.051770550928822212e-01
0.000000000000000000e+00
0.000000000000000000e+00
0.000000000000000000e+00
0.000000000000000000e+00
3.668577139128352815e-01
0.000000000000000000e+00
0.000000000000000000e+00
0.000000000000000000e+00
0.000000000000000000e+00
0.000000000000000000e+00
0.000000000000000000e+00
0.000000000000000000e+00
-8.039127660316793822e-01
0.000000000000000000e+00
0.000000000000000000e+00
0.000000000000000000e+00
0.000000000000000000e+00
0.000000000000000000e+00
0.000000000000000000e+00
0.000000000000000000e+00
0.000000000000000000e+00
0.000000000000000000e+00
-1.071903177344399660e+00
0.000000000000000000e+00
-2.431487110218284453e-01
-6.054173638988193940e-01
0.000000000000000000e+00
6.907883796681046906e-01
-1.298231261719274166e+00
-1.360001226242144812e+00
0.000000000000000000e+00
8.107649807106234174e-01
-8.117563945523175173e-01
0.000000000000000000e+00
-9.295536402853366020e-02
8.221743009064030883e-01
-2.709856250336047934e-01
0.000000000000000000e+00
2.737749920236738355e+00
0.000000000000000000e+00
-1.863128475290215746e+00
6.710580050034475885e-01
-8.389899268389933162e-02
3.461133167365165741e-02
0.000000000000000000e+00
9.889125788060533218e-01
0.000000000000000000e+00
1.756063946746011961e+00
0.000000000000000000e+00
-4.541933082606751659e-01
1.988935557875321614e+00
-1.969222002634077318e-01
0.000000000000000000e+00
-9.206793709669703896e-01
0.000000000000000000e+00
0.000000000000000000e+00
6.477354239156269955e-01
0.000000000000000000e+00
-8.548000551222673105e-02
1.895309255919763070e+00
5.537062925541508251e-01
0.000000000000000000e+00
2.455631364695837759e-01
-1.766014288312677039e+00
0.000000000000000000e+00
5.529460643784999130e-01
-1.563090499109896836e+00
2.533514787169716787e+00
0.000000000000000000e+00
4.828121234037741627e-01
0.000000000000000000e+00
-2.252201366758805001e+00
-9.643536284285112448e-01
4.931292378004287769e-01
-5.491901916320776067e-01
0.000000000000000000e+00
0.000000000000000000e+00
0.000000000000000000e+00
-6.178963923681511927e-01
0.000000000000000000e+00
2.224445798222125958e+00
9.296343181997972493e-01
1.680725373566396730e+00
0.000000000000000000e+00
7.881914000876899529e-01
-6.901563273323092496e-01
0.000000000000000000e+00
0.000000000000000000e+00
0.000000000000000000e+00
0.000000000000000000e+00
-3.239772145872084064e-01
1.350892961129692926e+00
0.000000000000000000e+00
-1.851919197187785748e-01
2.269154160114637553e-01
0.000000000000000000e+00
0.000000000000000000e+00
0.000000000000000000e+00
-2.777476475982233239e+00
0.000000000000000000e+00
1.692766508955447557e+00
0.000000000000000000e+00
0.000000000000000000e+00
-2.211419909380862858e+00
3.263242473652600562e-01
1.416179513750095653e+00
0.000000000000000000e+00
0.000000000000000000e+00
0.000000000000000000e+00
3.226903116319393972e-01
0.000000000000000000e+00
0.000000000000000000e+00
-1.728431710945866673e+00
0.000000000000000000e+00
9.061967650461992818e-01
0.000000000000000000e+00
1.225516615511182295e+00
0.000000000000000000e+00
-1.449923419826249615e+00
0.000000000000000000e+00
2.419401890988400472e-01
0.000000000000000000e+00
0.000000000000000000e+00
-7.102704824718286680e-02
-3.901188154170658340e-01
3.602150955187191639e-01
0.000000000000000000e+00
-1.396633875976199812e-01
6.439206290723389903e-02
-5.930824102255508601e-01
1.074419555338555349e-01
-8.815240362299773258e-01
-1.083130891388020656e+00
-5.620287275339597155e-02
9.420392766646307203e-02
2.661158416981317387e-01
-5.188770573934159414e-01
4.296502321669674052e-01
-2.837513669743826350e-01
2.810784846411434890e-01
-1.008250924208980992e-01
-4.091614626021888856e-02
0.000000000000000000e+00
8.432954904055228740e-01
-1.996833413905724441e+00
8.168177003913255074e-01
1.291287426714994857e-01
7.030091119747619022e-01
-1.283938937244621936e+00
1.280394245951010923e+00
-2.617477216305076348e-01
0.000000000000000000e+00
-3.712220758654209973e-01
-3.895321778292511361e+00
4.403597835303870722e-01
0.000000000000000000e+00
0.000000000000000000e+00
-1.198769259358892225e-01
-8.466472729635827754e-01
0.000000000000000000e+00
0.000000000000000000e+00
-1.448480344490104543e-01
7.503051841675467681e-02
-5.141303250401537683e-01
0.000000000000000000e+00
-6.800453976018987490e-01
-9.444874328975968458e-01
-2.690058037584486250e-02
8.743342045370242066e-02
2.870787111075583375e-01
-3.418988366425287362e-01
6.515292930711986674e-01
7.094337662351750673e-01
-6.756307074677234681e-01
1.046572511013954543e-02
-1.075004405851307798e-01
1.742860698124544472e+00
7.629297593470102390e-01
-2.066030776469327090e+00
9.190884527419662664e-01
1.798661355242997528e-01
1.060333624284026000e+00
-1.825752137137446329e+00
1.093709967590619669e+00
-5.776158099022948855e-01
-9.499363978992767521e-01
0.000000000000000000e+00
