0.000000000000000000e+00
4.669541483625374578e-01
0.000000000000000000e+00
0.000000000000000000e+00
0.000000000000000000e+00
3.014278468634706484e-02
0.000000000000000000e+00
0.000000000000000000e+00
0.000000000000000000e+00
0.000000000000000000e+00
1.780612536807867075e-02
0.000000000000000000e+00
-1.576023055180055810e-01
0.000000000000000000e+00
0.000000000000000000e+00
3.875747756442130681e-02
1.680177727779452179e-01
-5.170118733194223673e-03
-1.946556006454676357e-01
-1.925921344152849157e-02
-1.186503423981721955e-01
1.854159462842139283e-01
0.000000000000000000e+00
2.668178984902374595e-01
-2.442697455605113699e-01
3.004579970862545357e-01
-9.573281390874316399e-02
-5.193777674735350347e-02
0.000000000000000000e+00
0.000000000000000000e+00
2.085279617649894168e-01
0.000000000000000000e+00
0.000000000000000000e+00
0.000000000000000000e+00
3.505629043437837877e-01
7.047769320853811692e-01
-1.001435490334139089e-02
0.000000000000000000e+00
-5.075655790824801228e-01
0.000000000000000000e+00
0.000000000000000000e+00
0.000000000000000000e+00
-7.009210702276393035e-02
1.207316902721584650e-01
0.000000000000000000e+00
-2.136750179015919071e-01
0.000000000000000000e+00
-2.092238283472876437e-01
0.000000000000000000e+00
0.000000000000000000e+00
0.000000000000000000e+00
2.982190267302441966e-01
-1.003746958765913827e-01
0.000000000000000000e+00
0.000000000000000000e+00
0.000000000000000000e+00
0.000000000000000000e+00
0.000000000000000000e+00
0.000000000000000000e+00
0.000000000000000000e+00
-2.692706752174771068e-01
-1.058074838332046380e-01
-1.951387806585075380e-01
0.000000000000000000e+00
0.000000000000000000e+00
5.674592894858952741e-02
-2.983503958824602620e-01
2.500406061475476949e-01
-9.948150240768866004e-02
3.354197473583477862e-01
-2.534208401502335284e-01
-2.021123722804342160e-01
-3.973843830850827819e-01
-3.693553249438028541e-01
-5.648474732488621974e-01
2.477658852662968370e-01
-3.284756682369793790e-01
1.397500838548959845e-01
5.410671645141849062e-01
0.000000000000000000e+00
-3.586204868528859030e-02
0.000000000000000000e+00
0.000000000000000000e+00
0.000000000000000000e+00
7.073228190454585729e-01
9.012880447006035856e-02
0.000000000000000000e+00
0.000000000000000000e+00
0.000000000000000000e+00
0.000000000000000000e+00
0.000000000000000000e+00
-2.061342013569419235e-02
0.000000000000000000e+00
-4.254193713224321827e-01
0.000000000000000000e+00
0.000000000000000000e+00
0.000000000000000000e+00
1.126738790643307814e-01
-4.845738659835163720e-01
0.000000000000000000e+00
0.000000000000000000e+00
0.000000000000000000e+00
0.000000000000000000e+00
3.032109390946577387e-01
0.000000000000000000e+00
0.000000000000000000e+00
0.000000000000000000e+00
0.000000000000000000e+00
0.000000000000000000e+00
0.000000000000000000e+00
0.000000000000000000e+00
-1.399250373677651260e-01
0.000000000000000000e+00
0.000000000000000000e+00
0.000000000000000000e+00
0.000000000000000000e+00
0.000000000000000000e+00
-3.014465815629759904e-01
0.000000000000000000e+00
0.000000000000000000e+00
0.000000000000000000e+00
0.000000000000000000e+00
1.031970192188115358e-02
0.000000000000000000e+00
0.000000000000000000e+00
0.000000000000000000e+00
3.874660998867320016e-02
-2.983835808159690517e-01
0.000000000000000000e+00
0.000000000000000000e+00
0.000000000000000000e+00
0.000000000000000000e+00
6.244324312912719749e-02
0.000000000000000000e+00
0.000000000000000000e+00
0.000000000000000000e+00
1.038483972778628389e-01
0.000000000000000000e+00
2.657950718576581606e-01
0.000000000000000000e+00
0.000000000000000000e+00
0.000000000000000000e+00
3.977205017077494187e-01
-3.279078914580419446e-01
0.000000000000000000e+00
0.000000000000000000e+00
0.000000000000000000e+00
0.000000000000000000e+00
-3.704924780256333566e-02
0.000000000000000000e+00
0.000000000000000000e+00
0.000000000000000000e+00
0.000000000000000000e+00
2.321766728239740563e-01
0.000000000000000000e+00
3.333029795641264115e-01
0.000000000000000000e+00
0.000000000000000000e+00
0.000000000000000000e+00
-1.047632754699641539e-01
3.885674764012832516e-01
0.000000000000000000e+00
0.000000000000000000e+00
0.000000000000000000e+00
3.116657387177922400e-01
-7.759248743379739688e-01
0.000000000000000000e+00
0.000000000000000000e+00
0.000000000000000000e+00
0.000000000000000000e+00
0.000000000000000000e+00
0.000000000000000000e+00
0.000000000000000000e+00
2.328218142660791468e-01
0.000000000000000000e+00
0.000000000000000000e+00
0.000000000000000000e+00
-7.818384952724601045e-02
-8.491095705084190925e-02
0.000000000000000000e+00
0.000000000000000000e+00
0.000000000000000000e+00
2.312558039775096108e-01
1.109905231490436184e-01
0.000000000000000000e+00
0.000000000000000000e+00
0.000000000000000000e+00
0.000000000000000000e+00
0.000000000000000000e+00
0.000000000000000000e+00
-1.255225846681103929e-01
-2.172577269782789700e-02
3.298396972269249799e-02
2.496217746537083837e-01
-6.362487124447275821e-01
-1.022025325296955500e-01
-5.112533069118402329e-01
-1.671897769992498617e-01
-5.542855682690511765e-01
4.379539486902123829e-02
7.160271059465726784e-02
-2.619661584541823629e-01
-6.872559224230202768e-02
0.000000000000000000e+00
2.823221156141997312e-01
5.827369077899934025e-02
-1.983076484438519443e-02
-1.488718550693703957e-01
-1.158229104989799280e-01
1.816251366522061428e-01
0.000000000000000000e+00
0.000000000000000000e+00
0.000000000000000000e+00
0.000000000000000000e+00
0.000000000000000000e+00
-2.342346038841005562e-01
1.812867143845798557e-01
-3.683268832305189311e-01
0.000000000000000000e+00
0.000000000000000000e+00
2.900068874002715846e-01
0.000000000000000000e+00
1.907147568645366220e-02
-6.313846533938547445e-01
0.000000000000000000e+00
0.000000000000000000e+00
0.000000000000000000e+00
5.793854880544703212e-01
5.887321976104160220e-02
1.480303381112227090e-01
1.213083049966616755e-01
0.000000000000000000e+00
0.000000000000000000e+00
0.000000000000000000e+00
0.000000000000000000e+00
0.000000000000000000e+00
0.000000000000000000e+00
-1.490399037249271752e-01
1.492773203132950581e-02
0.000000000000000000e+00
0.000000000000000000e+00
0.000000000000000000e+00
0.000000000000000000e+00
3.456981055751741638e-01
0.000000000000000000e+00
0.000000000000000000e+00
0.000000000000000000e+00
0.000000000000000000e+00
0.000000000000000000e+00
0.000000000000000000e+00
0.000000000000000000e+00
4.652027486518519050e-01
0.000000000000000000e+00
1.360879685741741008e-01
0.000000000000000000e+00
1.878198001654344806e-01
0.000000000000000000e+00
0.000000000000000000e+00
3.665602923946312819e-01
1.616246848733462194e-01
-6.456797971621915100e-02
0.000000000000000000e+00
-8.242578765456136380e-02
-1.721944024841685628e-01
0.000000000000000000e+00
7.783482431906182941e-02
3.279402487045470771e-01
-3.089589626403521638e-02
0.000000000000000000e+00
2.478528810341702748e-01
0.000000000000000000e+00
-8.694856139216410318e-01
-7.539632729461394345e-02
1.271348928109288234e-01
-4.985422152124825423e-01
-4.787157110186325837e-01
0.000000000000000000e+00
0.000000000000000000e+00
3.344831101739897394e-01
0.000000000000000000e+00
0.000000000000000000e+00
0.000000000000000000e+00
3.542690638860617747e-01
1.551401354421094725e-01
0.000000000000000000e+00
0.000000000000000000e+00
0.000000000000000000e+00
0.000000000000000000e+00
-1.163621295375581871e-01
0.000000000000000000e+00
0.000000000000000000e+00
0.000000000000000000e+00
0.000000000000000000e+00
0.000000000000000000e+00
0.000000000000000000e+00
0.000000000000000000e+00
1.971542819226144161e-01
0.000000000000000000e+00
0.000000000000000000e+00
0.000000000000000000e+00
0.000000000000000000e+00
0.000000000000000000e+00
0.000000000000000000e+00
0.000000000000000000e+00
0.000000000000000000e+00
0.000000000000000000e+00
-1.235194543423938085e-01
2.568733910901974671e-01
0.000000000000000000e+00
0.000000000000000000e+00
0.000000000000000000e+00
8.571221247190689840e-02
-2.699243675164829104e-01
0.000000000000000000e+00
0.000000000000000000e+00
0.000000000000000000e+00
0.000000000000000000e+00
0.000000000000000000e+00
0.000000000000000000e+00
0.000000000000000000e+00
-2.250791384435602283e-01
0.000000000000000000e+00
0.000000000000000000e+00
-2.008883818536932528e-02
0.000000000000000000e+00
5.348077684301438817e-01
0.000000000000000000e+00
3.436279862341957703e-01
0.000000000000000000e+00
0.000000000000000000e+00
0.000000000000000000e+00
-1.367310248696597952e-01
-3.202292883744696228e-01
0.000000000000000000e+00
0.000000000000000000e+00
0.000000000000000000e+00
0.000000000000000000e+00
9.011667499310674345e-02
0.000000000000000000e+00
0.000000000000000000e+00
0.000000000000000000e+00
0.000000000000000000e+00
0.000000000000000000e+00
0.000000000000000000e+00
0.000000000000000000e+00
-4.207341443211313342e-02
0.000000000000000000e+00
0.000000000000000000e+00
0.000000000000000000e+00
0.000000000000000000e+00
0.000000000000000000e+00
-2.717779521574945623e-01
0.000000000000000000e+00
-5.210354189046876305e-01
0.000000000000000000e+00
0.000000000000000000e+00
0.000000000000000000e+00
-2.453887787421324962e-01
4.525441221142964543e-01
0.000000000000000000e+00
0.000000000000000000e+00
0.000000000000000000e+00
0.000000000000000000e+00
-3.960613202651257214e-02
0.000000000000000000e+00
0.000000000000000000e+00
0.000000000000000000e+00
0.000000000000000000e+00
0.000000000000000000e+00
0.000000000000000000e+00
0.000000000000000000e+00
-4.042443714470696503e-01
0.000000000000000000e+00
0.000000000000000000e+00
2.915897365447420175e-01
0.000000000000000000e+00
0.000000000000000000e+00
0.000000000000000000e+00
3.718738412496245399e-02
0.000000000000000000e+00
5.051901326906690359e-01
0.000000000000000000e+00
0.000000000000000000e+00
-2.056930971660197727e-01
5.541387027692181583e-02
-6.001295841975820000e-01
0.000000000000000000e+00
1.779589915437846115e-01
-2.934776565209654686e-01
0.000000000000000000e+00
3.778250724306339570e-02
5.284457788953956375e-02
3.078811722798222017e-01
0.000000000000000000e+00
2.660238816345710799e-01
-3.123392873237373565e-02
-2.587288651516890803e-01
0.000000000000000000e+00
-1.762558503924124484e-02
0.000000000000000000e+00
0.000000000000000000e+00
2.092678276332737008e-01
0.000000000000000000e+00
0.000000000000000000e+00
0.000000000000000000e+00
1.223665256049790706e-01
2.123146408036676314e-01
0.000000000000000000e+00
3.416552753070058457e-01
0.000000000000000000e+00
0.000000000000000000e+00
-3.101581606221949783e-01
5.959040323001376649e-01
0.000000000000000000e+00
0.000000000000000000e+00
0.000000000000000000e+00
2.900068874002715291e-01
0.000000000000000000e+00
-5.214940621814965205e-01
-6.313846533938530792e-01
0.000000000000000000e+00
0.000000000000000000e+00
0.000000000000000000e+00
5.793854880544704322e-01
5.887321976104336468e-02
1.480303381112240968e-01
-2.641645961873125836e-01
0.000000000000000000e+00
0.000000000000000000e+00
-6.516345256740899150e-02
0.000000000000000000e+00
0.000000000000000000e+00
0.000000000000000000e+00
0.000000000000000000e+00
-8.280481578060250314e-02
0.000000000000000000e+00
0.000000000000000000e+00
0.000000000000000000e+00
0.000000000000000000e+00
0.000000000000000000e+00
0.000000000000000000e+00
-4.154413760078669304e-02
1.177937053634338510e-01
0.000000000000000000e+00
0.000000000000000000e+00
0.000000000000000000e+00
0.000000000000000000e+00
-2.016815596285004286e-01
0.000000000000000000e+00
0.000000000000000000e+00
0.000000000000000000e+00
0.000000000000000000e+00
0.000000000000000000e+00
0.000000000000000000e+00
0.000000000000000000e+00
-3.749063233532377581e-01
0.000000000000000000e+00
0.000000000000000000e+00
0.000000000000000000e+00
0.000000000000000000e+00
0.000000000000000000e+00
0.000000000000000000e+00
0.000000000000000000e+00
0.000000000000000000e+00
0.000000000000000000e+00
5.859475583936515353e-01
0.000000000000000000e+00
6.673077232306368067e-02
3.638941228527343280e-02
0.000000000000000000e+00
2.564788128061963324e-01
-2.563809178590993887e-01
-2.593156117979691366e-01
2.855176180052765300e-01
-1.227059694135697737e-01
3.391152336568399317e-01
0.000000000000000000e+00
6.273409227798091292e-01
1.059278955911772263e-01
-7.929206576946932206e-01
0.000000000000000000e+00
-2.398577333413835500e-01
-5.533683764547411149e-02
-2.892274611236458556e-02
6.032270521091120247e-02
3.174524226486546974e-01
-1.792759436539339002e-01
0.000000000000000000e+00
-1.942660014321818396e-01
0.000000000000000000e+00
9.744459285429428463e-02
0.000000000000000000e+00
5.645562326581210662e-03
-4.384955537797278202e-01
-3.693392358334386949e-01
0.000000000000000000e+00
4.197632441669844200e-02
0.000000000000000000e+00
-2.049813681050473638e-02
1.849255972764440870e-02
0.000000000000000000e+00
3.907428627279621591e-01
-1.730963127025723358e-01
-3.774242054081483055e-01
0.000000000000000000e+00
3.501305332603929510e-02
3.740724483181780413e-01
0.000000000000000000e+00
-8.461307217977875883e-02
3.489566311157391021e-01
-1.590899775389936766e-01
0.000000000000000000e+00
2.500997587160347368e-01
0.000000000000000000e+00
-1.167563342170304802e-01
4.415199130558956735e-03
-1.242770615574157189e-01
-3.936759725911613828e-01
-4.004374222536921102e-01
2.169446844217704229e-01
0.000000000000000000e+00
7.775122871580487927e-02
0.000000000000000000e+00
-6.674346426545756106e-02
-1.863242593302228967e-01
-4.989113627995946931e-01
0.000000000000000000e+00
-3.138887043158805068e-01
3.821526859398231557e-01
0.000000000000000000e+00
0.000000000000000000e+00
0.000000000000000000e+00
0.000000000000000000e+00
-4.889120905624050328e-02
2.621701666626916061e-01
0.000000000000000000e+00
-3.758513427703203402e-01
1.865131217423891541e-01
-5.179668275240821573e-02
0.000000000000000000e+00
4.753958673216403252e-02
3.390446631433555735e-01
0.000000000000000000e+00
-2.043730365748000211e-01
0.000000000000000000e+00
-5.756056993106861003e-02
1.322288079898464030e-01
-2.991818419374628335e-01
-1.481412202470363260e-01
0.000000000000000000e+00
0.000000000000000000e+00
0.000000000000000000e+00
4.472801998089900311e-01
0.000000000000000000e+00
0.000000000000000000e+00
6.304491619383750800e-02
-3.342629690890966954e-01
1.298956611437256936e-01
0.000000000000000000e+00
-2.538160125930092881e-01
0.000000000000000000e+00
-8.768945714329982877e-02
1.562257127143027169e-01
-3.232317266730525551e-01
-3.433858883434797171e-01
5.241072032901653716e-02
1.482482908632255514e-01
1.906894605970810008e-01
1.944375094447901506e-02
0.000000000000000000e+00
4.257468353624319080e-01
-4.279496308540538946e-02
-3.655660442646749830e-01
-1.158504599235676003e-01
-6.117030668610634603e-01
2.015718576467515899e-01
-3.108334911526530187e-01
7.035681143706730423e-02
3.407846894658611014e-01
-3.997656824187901803e-01
-2.562336372679184515e-02
-4.447479225474466613e-01
3.270285807555445845e-01
4.064586514616849722e-01
1.460996150034086505e-01
-1.652328889358195829e-01
5.049114321760420632e-01
2.551005635275812033e-01
1.524744451613029295e-01
-5.553164601830522518e-01
4.293074443628631109e-01
1.884520078039346735e-01
9.076869415497123006e-01
1.524375594588653904e-01
3.142925682024721445e-01
-4.199605375537910912e-01
1.562257127143069912e-01
-2.600021128137601223e-01
-3.433858883434806053e-01
1.314877750296023218e-01
1.482482908632263285e-01
2.334568206535384341e-02
0.000000000000000000e+00
0.000000000000000000e+00
4.257468353624321300e-01
-5.397363639971795857e-02
-3.655660442646772035e-01
-2.594459790392811271e-02
-5.731340486120931610e-01
2.016089805247979760e-01
-2.917533517075761029e-01
7.035681143706570828e-02
3.306214673563634410e-01
-3.692881970821076387e-01
-1.020571142007583101e-02
4.917897898112769672e-01
1.437139228572605343e-01
4.064586514616850832e-01
1.460996150034118424e-01
-1.546403990313107435e-01
5.049114321760437285e-01
2.551005635275813699e-01
2.010928960645037011e-01
-5.553164601830522518e-01
3.054499044715729417e-01
2.555679013116093912e-01
9.076869415497110793e-01
9.129079528478194205e-02
3.142925682024694245e-01
1.156620589147434736e-01
