0.000000000000000000e+00
0.000000000000000000e+00
0.000000000000000000e+00
0.000000000000000000e+00
0.000000000000000000e+00
9.999999999999964473e-02
0.000000000000000000e+00
0.000000000000000000e+00
0.000000000000000000e+00
0.000000000000000000e+00
1.245059288537548881e-01
0.000000000000000000e+00
1.587301587301581662e-02
0.000000000000000000e+00
0.000000000000000000e+00
1.709401709401712210e-01
8.405797101449286046e-02
5.454545454545378647e-02
-1.764705882352943789e-01
0.000000000000000000e+00
-3.115763546798024919e-01
2.962962962962967239e-01
0.000000000000000000e+00
4.166666666666669627e-01
-2.222222222222218768e-01
0.000000000000000000e+00
-1.117647058823534323e-01
-4.608294930875578288e-02
0.000000000000000000e+00
0.000000000000000000e+00
0.000000000000000000e+00
0.000000000000000000e+00
0.000000000000000000e+00
0.000000000000000000e+00
5.071428571428566734e-01
0.000000000000000000e+00
-1.638655462184877010e-01
0.000000000000000000e+00
-4.705882352941173075e-01
0.000000000000000000e+00
0.000000000000000000e+00
0.000000000000000000e+00
-1.777408637873758579e-01
2.272727272727248504e-02
0.000000000000000000e+00
-1.222222222222226762e-01
0.000000000000000000e+00
-3.272727272727271597e-01
0.000000000000000000e+00
0.000000000000000000e+00
0.000000000000000000e+00
4.000000000000003553e-01
-4.102564102564087989e-02
0.000000000000000000e+00
0.000000000000000000e+00
0.000000000000000000e+00
0.000000000000000000e+00
0.000000000000000000e+00
0.000000000000000000e+00
0.000000000000000000e+00
-6.722689075630228217e-02
-2.156862745098040435e-01
-2.941176470588233727e-01
0.000000000000000000e+00
0.000000000000000000e+00
3.246753246753275590e-02
-4.099616858237551398e-01
0.000000000000000000e+00
-1.602434077079104568e-01
3.269230769230770939e-01
0.000000000000000000e+00
-3.695652173913046568e-01
-5.739130434782611090e-01
-2.200956937799043445e-01
-1.062500000000000000e+00
3.392857142857144126e-01
1.421568627450979783e-01
0.000000000000000000e+00
5.636363636363639351e-01
0.000000000000000000e+00
1.945701357466060877e-01
0.000000000000000000e+00
0.000000000000000000e+00
0.000000000000000000e+00
0.000000000000000000e+00
-9.821428571428558740e-02
0.000000000000000000e+00
0.000000000000000000e+00
0.000000000000000000e+00
0.000000000000000000e+00
0.000000000000000000e+00
-2.473684210526316818e-01
0.000000000000000000e+00
0.000000000000000000e+00
0.000000000000000000e+00
0.000000000000000000e+00
0.000000000000000000e+00
9.210526315789469010e-02
-3.047619047619050114e-01
0.000000000000000000e+00
0.000000000000000000e+00
0.000000000000000000e+00
0.000000000000000000e+00
2.676518883415437422e-01
0.000000000000000000e+00
0.000000000000000000e+00
0.000000000000000000e+00
0.000000000000000000e+00
0.000000000000000000e+00
0.000000000000000000e+00
0.000000000000000000e+00
-3.333333333333334814e-01
0.000000000000000000e+00
0.000000000000000000e+00
0.000000000000000000e+00
0.000000000000000000e+00
0.000000000000000000e+00
0.000000000000000000e+00
0.000000000000000000e+00
0.000000000000000000e+00
0.000000000000000000e+00
0.000000000000000000e+00
0.000000000000000000e+00
0.000000000000000000e+00
0.000000000000000000e+00
0.000000000000000000e+00
1.666666666666660745e-02
-1.799999999999997158e-01
0.000000000000000000e+00
0.000000000000000000e+00
0.000000000000000000e+00
0.000000000000000000e+00
0.000000000000000000e+00
0.000000000000000000e+00
0.000000000000000000e+00
0.000000000000000000e+00
2.999999999999998224e-01
0.000000000000000000e+00
1.875000000000000000e-01
0.000000000000000000e+00
0.000000000000000000e+00
0.000000000000000000e+00
3.516483516483521754e-01
-3.095238095238102005e-01
0.000000000000000000e+00
0.000000000000000000e+00
0.000000000000000000e+00
0.000000000000000000e+00
3.166666666666673180e-01
0.000000000000000000e+00
0.000000000000000000e+00
0.000000000000000000e+00
0.000000000000000000e+00
5.833333333333334814e-01
0.000000000000000000e+00
1.780538302277432372e-01
0.000000000000000000e+00
0.000000000000000000e+00
0.000000000000000000e+00
-1.631205673758868713e-01
4.538043478260869179e-01
0.000000000000000000e+00
0.000000000000000000e+00
0.000000000000000000e+00
7.333333333333329485e-01
-8.920454545454541417e-01
0.000000000000000000e+00
0.000000000000000000e+00
0.000000000000000000e+00
0.000000000000000000e+00
0.000000000000000000e+00
0.000000000000000000e+00
0.000000000000000000e+00
0.000000000000000000e+00
0.000000000000000000e+00
0.000000000000000000e+00
0.000000000000000000e+00
-3.107142857142859427e-01
-2.083333333333303727e-02
0.000000000000000000e+00
0.000000000000000000e+00
0.000000000000000000e+00
0.000000000000000000e+00
-1.704545454545414174e-02
0.000000000000000000e+00
0.000000000000000000e+00
0.000000000000000000e+00
0.000000000000000000e+00
0.000000000000000000e+00
0.000000000000000000e+00
1.422475106686249546e-03
-1.000000000000000888e-01
6.015037593985006481e-02
1.013071895424833002e-01
-5.798319327731089601e-01
-8.620689655172597554e-03
-4.145408163265305035e-01
-1.714285714285717077e-01
-3.409090909090908283e-01
-6.388888888888910600e-02
-3.807692307692311928e-01
-1.871794871794874027e-01
3.166666666666673180e-01
0.000000000000000000e+00
1.520467836257317629e-01
4.999999999999982236e-02
3.148425787106479135e-02
-1.547619047619042121e-01
-1.504761904761906521e-01
1.764705882352943789e-01
0.000000000000000000e+00
0.000000000000000000e+00
0.000000000000000000e+00
0.000000000000000000e+00
0.000000000000000000e+00
-2.625000000000001776e-01
-4.453441295546500811e-02
-1.575757575757577023e-01
0.000000000000000000e+00
0.000000000000000000e+00
1.948717948717950676e-01
0.000000000000000000e+00
-2.274509803921569429e-01
0.000000000000000000e+00
0.000000000000000000e+00
0.000000000000000000e+00
0.000000000000000000e+00
1.000000000000000000e+00
0.000000000000000000e+00
2.705882352941175739e-01
8.928571428571441260e-02
0.000000000000000000e+00
0.000000000000000000e+00
0.000000000000000000e+00
0.000000000000000000e+00
0.000000000000000000e+00
0.000000000000000000e+00
-3.397435897435903129e-01
7.692307692307709388e-02
0.000000000000000000e+00
0.000000000000000000e+00
0.000000000000000000e+00
0.000000000000000000e+00
2.255639097744355226e-02
0.000000000000000000e+00
0.000000000000000000e+00
0.000000000000000000e+00
0.000000000000000000e+00
0.000000000000000000e+00
0.000000000000000000e+00
0.000000000000000000e+00
5.942028985507241678e-01
0.000000000000000000e+00
4.824561403508820234e-02
0.000000000000000000e+00
2.976190476190474499e-01
0.000000000000000000e+00
0.000000000000000000e+00
5.538461538461540989e-01
2.452380952380948109e-01
-2.000000000000046185e-02
0.000000000000000000e+00
2.976190476190510026e-02
0.000000000000000000e+00
0.000000000000000000e+00
2.777777777777776791e-01
2.434782608695655881e-01
2.714285714285713524e-01
0.000000000000000000e+00
1.666666666666669627e-01
0.000000000000000000e+00
-1.064777327935222395e+00
-2.205882352941177516e-01
-9.239130434782616419e-02
-7.410714285714283811e-01
0.000000000000000000e+00
0.000000000000000000e+00
0.000000000000000000e+00
5.050505050505051940e-01
0.000000000000000000e+00
0.000000000000000000e+00
0.000000000000000000e+00
8.333333333333303727e-02
2.954545454545458583e-01
0.000000000000000000e+00
0.000000000000000000e+00
0.000000000000000000e+00
0.000000000000000000e+00
-8.750000000000035527e-02
0.000000000000000000e+00
0.000000000000000000e+00
0.000000000000000000e+00
0.000000000000000000e+00
0.000000000000000000e+00
0.000000000000000000e+00
0.000000000000000000e+00
1.666666666666660745e-02
0.000000000000000000e+00
0.000000000000000000e+00
0.000000000000000000e+00
0.000000000000000000e+00
0.000000000000000000e+00
0.000000000000000000e+00
0.000000000000000000e+00
0.000000000000000000e+00
0.000000000000000000e+00
1.298701298701310236e-02
0.000000000000000000e+00
0.000000000000000000e+00
0.000000000000000000e+00
0.000000000000000000e+00
0.000000000000000000e+00
-1.441647597253998825e-01
0.000000000000000000e+00
0.000000000000000000e+00
0.000000000000000000e+00
0.000000000000000000e+00
0.000000000000000000e+00
0.000000000000000000e+00
0.000000000000000000e+00
-3.725961538461541878e-01
0.000000000000000000e+00
0.000000000000000000e+00
-7.142857142857117481e-02
0.000000000000000000e+00
6.000000000000000888e-01
0.000000000000000000e+00
0.000000000000000000e+00
0.000000000000000000e+00
0.000000000000000000e+00
0.000000000000000000e+00
-3.777777777777777679e-01
-1.587499999999999467e-01
0.000000000000000000e+00
0.000000000000000000e+00
0.000000000000000000e+00
0.000000000000000000e+00
7.311827956989258581e-02
0.000000000000000000e+00
0.000000000000000000e+00
0.000000000000000000e+00
0.000000000000000000e+00
0.000000000000000000e+00
0.000000000000000000e+00
0.000000000000000000e+00
-1.007259528130672877e-01
0.000000000000000000e+00
0.000000000000000000e+00
0.000000000000000000e+00
0.000000000000000000e+00
0.000000000000000000e+00
-5.182186234817809378e-01
0.000000000000000000e+00
-2.955555555555555713e-01
0.000000000000000000e+00
0.000000000000000000e+00
0.000000000000000000e+00
-2.130365659777422316e-01
6.515151515151513806e-01
0.000000000000000000e+00
0.000000000000000000e+00
0.000000000000000000e+00
0.000000000000000000e+00
-5.294117647058804721e-02
0.000000000000000000e+00
0.000000000000000000e+00
0.000000000000000000e+00
0.000000000000000000e+00
0.000000000000000000e+00
0.000000000000000000e+00
0.000000000000000000e+00
-4.141414141414139216e-01
0.000000000000000000e+00
0.000000000000000000e+00
4.553775743707091372e-01
0.000000000000000000e+00
0.000000000000000000e+00
0.000000000000000000e+00
-1.223776223776220640e-01
0.000000000000000000e+00
7.445887445887442446e-01
0.000000000000000000e+00
0.000000000000000000e+00
-1.252268602540835829e-01
5.882352941176538508e-02
-6.907894736842106198e-01
0.000000000000000000e+00
5.170940170940170333e-01
-2.727272727272724850e-01
0.000000000000000000e+00
2.105263157894734505e-01
-7.692307692307664979e-02
4.166666666666665186e-01
0.000000000000000000e+00
6.000000000000005329e-01
1.190476190476186247e-01
-5.964912280701759606e-01
0.000000000000000000e+00
-2.228260869565215074e-01
0.000000000000000000e+00
0.000000000000000000e+00
2.461538461538457234e-01
0.000000000000000000e+00
0.000000000000000000e+00
0.000000000000000000e+00
1.875000000000000000e-01
3.076923076923074873e-01
0.000000000000000000e+00
3.942307692307691624e-01
0.000000000000000000e+00
0.000000000000000000e+00
-3.125000000000000000e-01
2.000000000000001776e-01
0.000000000000000000e+00
0.000000000000000000e+00
0.000000000000000000e+00
1.948717948717950676e-01
0.000000000000000000e+00
-7.689075630252095728e-01
0.000000000000000000e+00
0.000000000000000000e+00
0.000000000000000000e+00
0.000000000000000000e+00
1.000000000000000000e+00
0.000000000000000000e+00
2.705882352941175739e-01
-3.571428571428567622e-01
0.000000000000000000e+00
0.000000000000000000e+00
1.222222222222222321e-01
0.000000000000000000e+00
0.000000000000000000e+00
0.000000000000000000e+00
0.000000000000000000e+00
-1.785714285714279370e-02
0.000000000000000000e+00
0.000000000000000000e+00
0.000000000000000000e+00
0.000000000000000000e+00
0.000000000000000000e+00
0.000000000000000000e+00
-1.111111111111111605e-01
7.692307692307664979e-02
0.000000000000000000e+00
0.000000000000000000e+00
0.000000000000000000e+00
0.000000000000000000e+00
-2.952380952380950774e-01
0.000000000000000000e+00
0.000000000000000000e+00
0.000000000000000000e+00
0.000000000000000000e+00
0.000000000000000000e+00
0.000000000000000000e+00
0.000000000000000000e+00
-3.843137254901960453e-01
0.000000000000000000e+00
0.000000000000000000e+00
0.000000000000000000e+00
0.000000000000000000e+00
0.000000000000000000e+00
0.000000000000000000e+00
0.000000000000000000e+00
0.000000000000000000e+00
0.000000000000000000e+00
6.266666666666669272e-01
0.000000000000000000e+00
6.060606060606055223e-02
9.090909090909260470e-03
0.000000000000000000e+00
2.800000000000002487e-01
-3.076923076923074873e-01
-5.284090909090908283e-01
0.000000000000000000e+00
4.092071611253178531e-02
6.041666666666669627e-01
0.000000000000000000e+00
5.649350649350650677e-01
6.477732793522270605e-01
-3.541666666666665186e-01
0.000000000000000000e+00
0.000000000000000000e+00
0.000000000000000000e+00
1.916666666666664298e-01
2.285714285714286476e-01
5.866666666666668917e-01
-2.333333333333333925e-01
0.000000000000000000e+00
-2.444444444444444642e-01
0.000000000000000000e+00
-1.558441558441563402e-01
0.000000000000000000e+00
7.619047619047414344e-03
-6.236263736263736313e-01
-5.868421052631580537e-01
0.000000000000000000e+00
9.583333333333321491e-02
0.000000000000000000e+00
0.000000000000000000e+00
1.666666666666669627e-01
0.000000000000000000e+00
2.474747474747478471e-01
-3.888888888888875073e-02
-4.177631578947367252e-01
0.000000000000000000e+00
-8.658008658008675695e-02
4.487179487179471238e-02
0.000000000000000000e+00
-3.846153846153832490e-02
2.426470588235294379e-01
-4.743589743589744501e-01
0.000000000000000000e+00
3.499999999999996447e-01
0.000000000000000000e+00
-1.192982456140350145e-01
1.500000000000003553e-01
-1.176470588235294379e-01
-4.542483660130716139e-01
0.000000000000000000e+00
0.000000000000000000e+00
0.000000000000000000e+00
1.888111888111891901e-01
0.000000000000000000e+00
-1.140350877192988222e-01
9.472049689440975584e-02
-3.888888888888888395e-01
0.000000000000000000e+00
-2.777777777777776791e-01
3.833333333333328596e-01
0.000000000000000000e+00
0.000000000000000000e+00
0.000000000000000000e+00
0.000000000000000000e+00
3.409090909090917165e-02
1.725490196078434124e-01
0.000000000000000000e+00
-2.402597402597401732e-01
2.196078431372541218e-01
0.000000000000000000e+00
0.000000000000000000e+00
0.000000000000000000e+00
6.156862745098039547e-01
0.000000000000000000e+00
0.000000000000000000e+00
0.000000000000000000e+00
0.000000000000000000e+00
-1.515151515151513806e-02
-4.956140350877191736e-01
-2.848484848484851284e-01
0.000000000000000000e+00
0.000000000000000000e+00
0.000000000000000000e+00
6.458333333333334814e-01
0.000000000000000000e+00
0.000000000000000000e+00
1.263736263736259247e-01
0.000000000000000000e+00
-7.500000000000017764e-02
0.000000000000000000e+00
-1.818181818181816567e-01
0.000000000000000000e+00
-8.999999999999985789e-02
0.000000000000000000e+00
-3.206521739130439030e-01
0.000000000000000000e+00
0.000000000000000000e+00
2.717948717948717174e-01
2.977667493796527509e-01
9.722222222222232091e-02
0.000000000000000000e+00
3.761904761904757422e-01
-2.666666666666666075e-01
-4.558823529411766273e-01
-2.045454545454545858e-01
-4.410774410774407350e-01
2.321981424148606976e-01
-2.380952380952385816e-01
7.219662058371767444e-02
-1.785714285714279370e-01
-3.868065967016489637e-01
-2.976190476190421208e-02
-4.560439560439562001e-01
4.428571428571430602e-01
5.555555555555535818e-02
2.943143812709032581e-01
0.000000000000000000e+00
6.014492753623188470e-01
2.142857142857144126e-01
2.701149425287359129e-01
-6.227272727272725739e-01
3.444444444444445530e-01
7.536231884057986719e-02
1.126373626373625925e+00
6.904761904761880231e-02
0.000000000000000000e+00
-2.685714285714286831e-01
0.000000000000000000e+00
-2.929292929292923731e-01
0.000000000000000000e+00
0.000000000000000000e+00
2.784163473818646040e-01
5.128205128205198804e-02
0.000000000000000000e+00
0.000000000000000000e+00
3.761904761904757422e-01
-2.666666666666666075e-01
-4.558823529411766273e-01
0.000000000000000000e+00
-5.462962962962962798e-01
2.475490196078435901e-01
-2.333333333333338366e-01
1.121212121212122881e-01
-4.444444444444428655e-02
-3.856942496493687145e-01
-7.371794871794801196e-02
6.714285714285712636e-01
2.727272727272729291e-01
5.263157894736858466e-02
2.943143812709032581e-01
-5.076923076923076650e-01
7.380952380952381375e-01
2.142857142857144126e-01
3.000000000000002665e-01
-8.090909090909090828e-01
4.588235294117644081e-01
1.190476190476186247e-01
1.126373626373625925e+00
2.619565217391301992e-01
6.000000000000000888e-01
0.000000000000000000e+00
